5071946985825508596807818511594944775050876123291034109535380617890076916514858362450850756986254473928988590462364337337167439339899275388850054538761297716231142099224126743569376939222624710225791632908341468143608199411235745660626646581991048343921403591536274849814692728172402146560905781703622037734
115519512121438043813809932506841593107787033541436383217234246355517839958807260837866666191864822688192924288160029449435393294840665013602934207088578289893618064521691684553203241925947005824798606183784179251340716031325532493835008324189636032490657891206091109995418736966179791143720178969024375226677
124660498851821377433386353339036189087589330328028987784369286720186033062047809950024466362848990765567009509129440966317017339732066310026227692559152235848187599935310228846276116574500783038089308540284450111993445699574877503890299145336369844690516497311574677056113528847819514609273956513971006312938
160438637090754810899103908876519366357129011899410084097278002221682794520419590824776584171839992534609886288317386327268357241393112851452021434785950734850279343200092911127706185179122640244317711796529605742954317448708402432150164092126727545531468077637197634141255331846797277964741330050144359422622
160400837592611837944179951229200842413578131912780347660656445132059192445509964202570911965567776239345667484067775908147825127483407735092191825467146623643067015792837724645951241877874083166195417230186319334133144297599450014516392129362692788317878587735159847207924619085501939515700616373794242531609
80479192993147379198043303092206849442170172759891741115978370513129093082631925939189058170117977402785326699449439678966342608386255011277360189402907455378269698377079704388773267834802708983437241344811939577846114784334686925414965387719749614475075957971079195168698431876356304568044963180211008544638
122910029076454882829307032894774108144284005550236783504589500444026594191919169079914283345702898114736302350429690504408870817143379817931954251862046229145895435734775852721564106857427540318639699741518353027767238185206319664015898976571436956860182580567170963650193178300389134897517867564526924944257
157931696406417616691318033213592487961650920374332659211945024136684229746509626634043759770147756617448821940872365233714691195194274806634736934383509757375102725458889562594238139490337391357718708584636097963455651761265375243634257574471753416748571418133944686765780064987055706453874263305396983432518
45485851431665537466529381334672771685146444448829822164526868473876859997483676928743175120125793445515264074487612415667316175745426368774069590988684628716465091973291994894125910830121910311238228224071855477910612342619570934265164935719448119158071272248755710648749916698565881368071304765026366109023
137357776000340833014275609069851778963946571614939577217753122450362145249672905485252238076324880107086914489669590911370210861391369843858139599708843036819724864331557934896756735324045474142781348012855367464953931711738737675120775734039905753684404583851668694520913294905427967284496315185426407503623
65365015866589877070923927989981223790986586731824056637864642368739220580833286484602518252126282879587348303692576157859624357213427121963097929475614110583791555387615519986615440821330298325232520498437285650132056809165877875222119297479660661787985405689632893003918316540576608991465772592390682191587
159576409373319527853641958305690551449550329314038382128805237549023487250454283810955972869132979467847129214029658342424259525851469300168167835376772070188029076772720403787523164787242105926450463115089399388165047535641452136739312146229046313491270583359133263956834107017080712067281098491309190946264
179152629417563078157352859518707109988116028283892747648788833918527807616605755264119339301404456560468759231789249968569700756603407861097811232639397716367712154159097686596417948562769674644397778470165836547601348263037547596419665890905365283624032736621068638204175901088862175420359357496582679699923
85461404140394036164641511013651060706714368340504133804604668336668564218719148301803519617315350506266266447325378093404546728191555619024638642253589502195944365178159228256273428692005973669336744480400425786620927348184618487154256392897798755305437116936497968627099004702315404401377159216524237563044
102285588768734265367280466723120898308682447431324727460127341478899304529235436723216290059244142127382242974205019521216023598688744417667024816579060839595217344711574707617155137786847896160626769918102980630671543672848214893269431993680755234290614608672410950899768276025764235155965480274141487246025
27211061277374792054045607673025886406590852722552694876922996857848546286221575731636520501214303119229990611928835754434489360372020301109713433253841233180056035878844135074749205544036427963079154755435490741482148261760563057968142230396867473151598490033494901065550396410662667607178396884572012974798